..>python knn.py -evaluate 1
K-Nearest Neighbors

Reading data...
60000 training data read
10000 testing data read

(Metric, K)              [Cross Validation Fold Errors]                    Avg. Error
-----------------------------------------------------------------------------------------
('cityblock', 1)         [2.78, 2.74, 2.86, 2.64, 3.37, 2.55]              2.823
('cityblock', 3)         [2.66, 2.43, 2.62, 2.56, 3.19, 2.58]              2.673
('cityblock', 5)         [2.86, 2.57, 2.57, 2.53, 3.18, 2.43]              2.690
('cityblock', 7)         [3.03, 2.68, 2.63, 2.47, 3.35, 2.51]              2.778
('cityblock', 9)         [3.03, 2.72, 2.75, 2.58, 3.41, 2.53]              2.837
('cityblock', 17)        [3.42, 3.14, 3.13, 3.06, 3.64, 2.79]              3.197
('cityblock', 33)        [4.15, 3.73, 3.63, 3.84, 4.27, 3.37]              3.832
('sqeuclidean', 1)       [1.78, 1.59, 1.95, 1.46, 2.09, 1.71]              1.763
('sqeuclidean', 3)       [1.86, 1.58, 1.7, 1.42, 2.15, 1.52]               1.705
('sqeuclidean', 5)       [1.83, 1.52, 1.62, 1.55, 2.32, 1.52]              1.727
('sqeuclidean', 7)       [2.0, 1.68, 1.64, 1.62, 2.27, 1.53]               1.790
('sqeuclidean', 9)       [2.11, 1.78, 1.84, 1.77, 2.4, 1.68]               1.930
('sqeuclidean', 17)      [2.49, 1.99, 2.18, 2.05, 2.67, 1.85]              2.205
('sqeuclidean', 33)      [2.94, 2.51, 2.65, 2.6, 3.15, 2.4]                2.708
('cosine', 1)            [1.72, 1.46, 1.83, 1.52, 2.05, 1.64]              1.703
('cosine', 3)            [1.7, 1.53, 1.55, 1.47, 2.16, 1.51]               1.653
('cosine', 5)            [1.74, 1.41, 1.57, 1.41, 2.14, 1.69]              1.660
('cosine', 7)            [1.88, 1.47, 1.71, 1.45, 2.23, 1.66]              1.733
('cosine', 9)            [2.02, 1.59, 1.84, 1.58, 2.3, 1.64]               1.828
('cosine', 17)           [2.38, 1.84, 2.1, 1.92, 2.52, 2.03]               2.132
('cosine', 33)           [2.82, 2.3, 2.75, 2.47, 3.09, 2.29]               2.620
-----------------------------------------------------------------------------------------
Best Params: ('cosine', 3), validation error: 1.653

Testing Set Error: 1.660
